14,24,37,+1.09486E-01,+1.07782E-01,+1.11234E-01,+3.38996E-01,+3.31763E-01,+3.36007E-01,+3.35282E-02,+3.21703E-02,+3.38598E-02,+3.00008E+01
14,24,37,+1.09486E-01,+1.07782E-01,+1.11234E-01,+3.38996E-01,+3.31763E-01,+3.36007E-01,+3.35282E-02,+3.21703E-02,+3.38598E-02,+3.00008E+01
14,24,38,+1.10936E-01,+1.08906E-01,+1.12308E-01,+3.42464E-01,+3.35152E-01,+3.40046E-01,+3.42753E-02,+3.29167E-02,+3.45566E-02,+2.99991E+01
14,24,40,+1.10647E-01,+1.08843E-01,+1.12407E-01,+3.42842E-01,+3.35063E-01,+3.39532E-01,+3.42750E-02,+3.27889E-02,+3.45727E-02,+2.99997E+01
14,24,41,+1.10540E-01,+1.08868E-01,+1.12004E-01,+3.42177E-01,+3.34206E-01,+3.39122E-01,+3.40901E-02,+3.27648E-02,+3.44506E-02,+3.00023E+01
14,24,42,+1.10425E-01,+1.08445E-01,+1.11718E-01,+3.41328E-01,+3.33784E-01,+3.38580E-01,+3.39969E-02,+3.26282E-02,+3.42413E-02,+3.00017E+01
14,24,43,+1.09996E-01,+1.08177E-01,+1.11409E-01,+3.40357E-01,+3.32389E-01,+3.37359E-01,+3.37581E-02,+3.23566E-02,+3.40870E-02,+3.00010E+01
14,24,45,+1.10814E-01,+1.08801E-01,+1.12116E-01,+3.42362E-01,+3.34786E-01,+3.39799E-01,+3.42174E-02,+3.28404E-02,+3.44726E-02,+3.00004E+01
14,24,46,+1.10708E-01,+1.08960E-01,+1.12471E-01,+3.42972E-01,+3.35401E-01,+3.39847E-01,+3.43026E-02,+3.28762E-02,+3.46126E-02,+3.00006E+01
14,24,47,+1.10612E-01,+1.08668E-01,+1.11953E-01,+3.41587E-01,+3.34160E-01,+3.39053E-01,+3.40685E-02,+3.27379E-02,+3.43592E-02,+3.00008E+01
14,24,49,+1.09926E-01,+1.08214E-01,+1.11524E-01,+3.40128E-01,+3.33129E-01,+3.36944E-01,+3.37818E-02,+3.24421E-02,+3.40287E-02,+3.00001E+01
14,24,50,+1.09889E-01,+1.08400E-01,+1.11220E-01,+3.40094E-01,+3.32661E-01,+3.37165E-01,+3.36856E-02,+3.24449E-02,+3.40088E-02,+3.00018E+01
14,24,51,+1.10844E-01,+1.08734E-01,+1.12135E-01,+3.42329E-01,+3.34932E-01,+3.39875E-01,+3.42131E-02,+3.28431E-02,+3.44960E-02,+3.00001E+01
14,24,52,+1.10366E-01,+1.08569E-01,+1.11793E-01,+3.41848E-01,+3.33640E-01,+3.38749E-01,+3.40124E-02,+3.25924E-02,+3.43395E-02,+3.00004E+01
14,24,54,+1.10357E-01,+1.08321E-01,+1.11585E-01,+3.41122E-01,+3.33449E-01,+3.38271E-01,+3.39589E-02,+3.25553E-02,+3.41745E-02,+2.99993E+01
14,24,55,+1.09619E-01,+1.07869E-01,+1.11261E-01,+3.39336E-01,+3.32065E-01,+3.36161E-01,+3.36017E-02,+3.22266E-02,+3.38650E-02,+3.00013E+01
14,24,56,+1.10976E-01,+1.08905E-01,+1.12106E-01,+3.42767E-01,+3.35308E-01,+3.39668E-01,+3.43074E-02,+3.29351E-02,+3.44731E-02,+3.00003E+01
14,24,58,+1.10702E-01,+1.08916E-01,+1.12358E-01,+3.42920E-01,+3.35420E-01,+3.39694E-01,+3.42970E-02,+3.28682E-02,+3.45502E-02,+2.99989E+01
14,24,59,+1.10324E-01,+1.08765E-01,+1.11822E-01,+3.41819E-01,+3.33882E-01,+3.38769E-01,+3.40003E-02,+3.26783E-02,+3.43591E-02,+3.00018E+01
14,25,0,+1.16372E-01,+1.14647E-01,+1.17757E-01,+3.59758E-01,+3.52609E-01,+3.57048E-01,+3.77556E-02,+3.64557E-02,+3.80625E-02,+3.00084E+01
14,25,1,+2.48670E-01,+2.55398E-01,+2.53416E-01,+7.72425E-01,+7.77739E-01,+7.71151E-01,+1.73514E-01,+1.79348E-01,+1.77387E-01,+3.00191E+01
14,25,3,+3.05957E-01,+3.11661E-01,+3.11910E-01,+9.49234E-01,+9.49786E-01,+9.50420E-01,+2.62348E-01,+2.67680E-01,+2.68797E-01,+3.00030E+01
14,25,4,+3.15841E-01,+3.21307E-01,+3.22227E-01,+9.80070E-01,+9.80403E-01,+9.80516E-01,+2.79977E-01,+2.84571E-01,+2.86369E-01,+3.00004E+01
14,25,5,+3.15709E-01,+3.21121E-01,+3.21681E-01,+9.79275E-01,+9.78252E-01,+9.80061E-01,+2.79323E-01,+2.83961E-01,+2.85909E-01,+3.00002E+01
14,25,7,+3.15189E-01,+3.21089E-01,+3.21519E-01,+9.77705E-01,+9.79008E-01,+9.78200E-01,+2.78708E-01,+2.83981E-01,+2.85120E-01,+3.00046E+01
14,25,8,+3.15157E-01,+3.21245E-01,+3.21551E-01,+9.78828E-01,+9.78761E-01,+9.78686E-01,+2.78874E-01,+2.83964E-01,+2.85508E-01,+2.99985E+01
14,25,9,+3.15711E-01,+3.21376E-01,+3.22139E-01,+9.79672E-01,+9.79806E-01,+9.81306E-01,+2.79420E-01,+2.84632E-01,+2.86646E-01,+3.00013E+01
14,25,10,+3.15520E-01,+3.21390E-01,+3.21802E-01,+9.79987E-01,+9.78923E-01,+9.79067E-01,+2.79521E-01,+2.84058E-01,+2.85872E-01,+2.99993E+01
14,25,12,+3.25515E-01,+3.32225E-01,+3.32004E-01,+1.00967E+00,+1.01172E+00,+1.01111E+00,+2.96928E-01,+3.03860E-01,+3.04530E-01,+3.00039E+01
14,25,13,+3.74447E-01,+3.84380E-01,+3.80707E-01,+1.16094E+00,+1.17092E+00,+1.15864E+00,+3.93236E-01,+4.06859E-01,+3.99941E-01,+2.99992E+01
14,25,14,+4.24228E-01,+4.34307E-01,+4.32117E-01,+1.31612E+00,+1.32078E+00,+1.31390E+00,+5.05084E-01,+5.18352E-01,+5.15405E-01,+3.00050E+01
14,25,15,+6.19186E-01,+6.29972E-01,+6.27394E-01,+1.91533E+00,+1.91245E+00,+1.90617E+00,+1.07332E+00,+1.09027E+00,+1.08524E+00,+3.00024E+01
14,25,17,+7.30577E-01,+7.43816E-01,+7.41196E-01,+2.26076E+00,+2.25442E+00,+2.24926E+00,+1.49525E+00,+1.51671E+00,+1.51422E+00,+3.00015E+01
14,25,18,+9.21687E-01,+9.37099E-01,+9.34709E-01,+2.84932E+00,+2.83535E+00,+2.83483E+00,+2.37595E+00,+2.40507E+00,+2.40799E+00,+3.00000E+01
14,25,19,+1.19021E+00,+1.20858E+00,+1.20629E+00,+3.67625E+00,+3.66026E+00,+3.65145E+00,+3.96348E+00,+4.00265E+00,+4.00061E+00,+3.00003E+01
14,25,21,+1.19091E+00,+1.20787E+00,+1.20549E+00,+3.67879E+00,+3.65511E+00,+3.65257E+00,+3.96474E+00,+3.99680E+00,+4.00078E+00,+3.00010E+01
14,25,22,+1.19119E+00,+1.20760E+00,+1.20615E+00,+3.67569E+00,+3.65804E+00,+3.65432E+00,+3.96466E+00,+4.00063E+00,+4.00122E+00,+2.99995E+01
14,25,23,+1.19098E+00,+1.20845E+00,+1.20602E+00,+3.67845E+00,+3.65992E+00,+3.65075E+00,+3.96848E+00,+4.00183E+00,+3.99911E+00,+3.00004E+01
14,25,25,+1.19140E+00,+1.20805E+00,+1.20608E+00,+3.67579E+00,+3.65831E+00,+3.65380E+00,+3.96525E+00,+4.00228E+00,+4.00048E+00,+3.00001E+01
14,25,26,+1.19101E+00,+1.20831E+00,+1.20618E+00,+3.67866E+00,+3.65949E+00,+3.65101E+00,+3.96867E+00,+4.00108E+00,+3.99984E+00,+3.00001E+01
14,25,27,+1.19128E+00,+1.20820E+00,+1.20603E+00,+3.67922E+00,+3.65582E+00,+3.65375E+00,+3.96659E+00,+3.99880E+00,+4.00393E+00,+3.00009E+01
14,25,28,+1.19120E+00,+1.20839E+00,+1.20643E+00,+3.67890E+00,+3.65945E+00,+3.65140E+00,+3.96977E+00,+4.00109E+00,+4.00143E+00,+3.00004E+01
14,25,30,+1.19153E+00,+1.20831E+00,+1.20607E+00,+3.67927E+00,+3.65496E+00,+3.65315E+00,+3.96712E+00,+3.99801E+00,+4.00374E+00,+3.00007E+01
14,25,31,+1.19133E+00,+1.20788E+00,+1.20619E+00,+3.67480E+00,+3.65747E+00,+3.65357E+00,+3.96399E+00,+4.00077E+00,+4.00063E+00,+3.00005E+01
14,25,32,+1.19076E+00,+1.20821E+00,+1.20614E+00,+3.67730E+00,+3.65906E+00,+3.65075E+00,+3.96654E+00,+4.00029E+00,+3.99938E+00,+2.99999E+01
14,25,33,+1.19125E+00,+1.20792E+00,+1.20631E+00,+3.67545E+00,+3.65862E+00,+3.65408E+00,+3.96443E+00,+4.00249E+00,+4.00172E+00,+2.99998E+01
14,25,35,+1.19112E+00,+1.20816E+00,+1.20639E+00,+3.67838E+00,+3.65865E+00,+3.65114E+00,+3.96901E+00,+3.99955E+00,+4.00101E+00,+3.00003E+01
14,25,36,+1.19133E+00,+1.20837E+00,+1.20535E+00,+3.67837E+00,+3.65508E+00,+3.65083E+00,+3.96583E+00,+3.99853E+00,+3.99867E+00,+3.00008E+01
14,25,37,+1.19083E+00,+1.20779E+00,+1.20629E+00,+3.67714E+00,+3.65754E+00,+3.65053E+00,+3.96674E+00,+3.99736E+00,+3.99984E+00,+3.00001E+01
14,25,39,+1.19083E+00,+1.20790E+00,+1.20570E+00,+3.67749E+00,+3.65456E+00,+3.65242E+00,+3.96327E+00,+3.99659E+00,+4.00153E+00,+3.00008E+01
14,25,40,+1.22397E+00,+1.24159E+00,+1.24024E+00,+3.77603E+00,+3.75874E+00,+3.75650E+00,+4.18476E+00,+4.22694E+00,+4.23044E+00,+2.99996E+01
14,25,41,+1.22397E+00,+1.24159E+00,+1.24024E+00,+3.77603E+00,+3.75874E+00,+3.75650E+00,+4.18476E+00,+4.22694E+00,+4.23044E+00,+2.99996E+01
14,25,42,+3.03947E-01,+3.09645E-01,+3.21049E-01,+9.57598E-01,+9.20516E-01,+9.66986E-01,+2.62875E-01,+2.56388E-01,+2.84799E-01,+3.00012E+01
14,25,44,+3.69161E-01,+3.65579E-01,+3.84029E-01,+1.16155E+00,+1.09910E+00,+1.13960E+00,+3.90222E-01,+3.59972E-01,+4.00421E-01,+3.00009E+01
14,25,45,+2.41578E+00,+2.44612E+00,+2.44412E+00,+7.44088E+00,+7.38454E+00,+7.37678E+00,+1.62936E+01,+1.63592E+01,+1.63886E+01,+3.00012E+01
14,25,46,+2.73468E+00,+2.76813E+00,+2.76770E+00,+8.42843E+00,+8.34384E+00,+8.34895E+00,+2.08710E+01,+2.09277E+01,+2.10223E+01,+3.00011E+01
14,25,48,+2.81130E+00,+2.84792E+00,+2.84665E+00,+8.65481E+00,+8.58055E+00,+8.58716E+00,+2.20401E+01,+2.21624E+01,+2.22161E+01,+3.00001E+01
14,25,49,+3.02340E+00,+3.06251E+00,+3.05940E+00,+9.30436E+00,+9.22530E+00,+9.21982E+00,+2.55042E+01,+2.55989E+01,+2.56462E+01,+3.00006E+01
14,25,50,+3.47271E+00,+3.52049E+00,+3.51930E+00,+1.06874E+01,+1.05898E+01,+1.06051E+01,+3.36254E+01,+3.38316E+01,+3.39381E+01,+3.00001E+01
14,25,51,+3.66703E+00,+3.71572E+00,+3.71164E+00,+1.12858E+01,+1.11806E+01,+1.11761E+01,+3.75298E+01,+3.76651E+01,+3.77282E+01,+3.00004E+01
14,25,53,+3.84001E+00,+3.89391E+00,+3.89062E+00,+1.18274E+01,+1.16899E+01,+1.17124E+01,+4.11438E+01,+4.12936E+01,+4.14842E+01,+3.00006E+01
14,25,54,+4.36410E+00,+4.42317E+00,+4.41776E+00,+1.34285E+01,+1.33037E+01,+1.33017E+01,+5.31552E+01,+5.33643E+01,+5.34579E+01,+3.00006E+01
14,25,55,+4.54825E+00,+4.60359E+00,+4.60265E+00,+1.40083E+01,+1.38583E+01,+1.38723E+01,+5.77329E+01,+5.78597E+01,+5.81227E+01,+3.00006E+01
14,25,57,+4.71334E+00,+4.77268E+00,+4.76954E+00,+1.45030E+01,+1.43728E+01,+1.43941E+01,+6.19626E+01,+6.22688E+01,+6.24306E+01,+2.99999E+01
14,25,58,+4.90002E+00,+4.95863E+00,+4.95287E+00,+1.50784E+01,+1.49535E+01,+1.49381E+01,+6.70347E+01,+6.72320E+01,+6.72962E+01,+3.00004E+01
14,25,59,+5.08923E+00,+5.14710E+00,+5.14117E+00,+1.56633E+01,+1.55047E+01,+1.55274E+01,+7.22638E+01,+7.23768E+01,+7.26594E+01,+3.00006E+01
14,26,0,+5.08923E+00,+5.14710E+00,+5.14117E+00,+1.56633E+01,+1.55047E+01,+1.55274E+01,+7.22638E+01,+7.23768E+01,+7.26594E+01,+3.00006E+01
14,26,2,+1.09796E+00,+1.08762E+00,+1.13551E+00,+3.45198E+00,+3.26494E+00,+3.38628E+00,+3.45306E+00,+3.18585E+00,+3.51896E+00,+3.00002E+01
14,26,3,+5.76183E+00,+5.82831E+00,+5.80957E+00,+1.77415E+01,+1.75702E+01,+1.76095E+01,+9.27030E+01,+9.29079E+01,+9.30634E+01,+3.00008E+01
14,26,4,+5.76092E+00,+5.82998E+00,+5.80719E+00,+1.77183E+01,+1.75826E+01,+1.76255E+01,+9.25829E+01,+9.30649E+01,+9.30091E+01,+3.00001E+01
14,26,6,+5.89150E+00,+5.95513E+00,+5.93930E+00,+1.81240E+01,+1.79508E+01,+1.79813E+01,+9.68424E+01,+9.69769E+01,+9.71788E+01,+3.00007E+01
14,26,7,+5.94699E+00,+6.01963E+00,+5.99608E+00,+1.82751E+01,+1.81301E+01,+1.81755E+01,+9.85953E+01,+9.91059E+01,+9.90616E+01,+3.00001E+01
14,26,8,+5.95429E+00,+6.01860E+00,+5.99565E+00,+1.82897E+01,+1.81581E+01,+1.81601E+01,+9.88857E+01,+9.91424E+01,+9.89891E+01,+3.00002E+01
14,26,10,+5.88923E+00,+5.96375E+00,+5.93472E+00,+1.80816E+01,+1.79419E+01,+1.79968E+01,+9.66200E+01,+9.72049E+01,+9.70707E+01,+2.99999E+01
14,26,11,+5.83319E+00,+5.90191E+00,+5.87470E+00,+1.78992E+01,+1.77635E+01,+1.77767E+01,+9.48139E+01,+9.51453E+01,+9.49518E+01,+2.99998E+01
14,26,12,+5.76029E+00,+5.82963E+00,+5.81185E+00,+1.76932E+01,+1.75129E+01,+1.75578E+01,+9.24536E+01,+9.26828E+01,+9.28774E+01,+3.00008E+01
14,26,13,+5.75848E+00,+5.83330E+00,+5.80924E+00,+1.76639E+01,+1.75156E+01,+1.75668E+01,+9.22944E+01,+9.28333E+01,+9.27838E+01,+3.00001E+01
14,26,15,+5.82554E+00,+5.88902E+00,+5.87409E+00,+1.78724E+01,+1.77057E+01,+1.77342E+01,+9.44754E+01,+9.46472E+01,+9.48263E+01,+3.00006E+01
14,26,16,+5.82315E+00,+5.89561E+00,+5.87036E+00,+1.78473E+01,+1.77088E+01,+1.77565E+01,+9.43210E+01,+9.48599E+01,+9.47746E+01,+3.00001E+01
14,26,17,+5.82660E+00,+5.89389E+00,+5.86758E+00,+1.78436E+01,+1.77132E+01,+1.77240E+01,+9.44465E+01,+9.47707E+01,+9.45869E+01,+3.00001E+01
14,26,19,+5.82334E+00,+5.89679E+00,+5.87042E+00,+1.78239E+01,+1.76815E+01,+1.77345E+01,+9.42191E+01,+9.47508E+01,+9.46782E+01,+3.00003E+01
14,26,20,+5.82766E+00,+5.89130E+00,+5.86949E+00,+1.78314E+01,+1.77027E+01,+1.77032E+01,+9.44113E+01,+9.46679E+01,+9.45302E+01,+3.00000E+01
14,26,21,+5.82537E+00,+5.88886E+00,+5.87543E+00,+1.78458E+01,+1.76745E+01,+1.77047E+01,+9.43536E+01,+9.45020E+01,+9.47234E+01,+3.00006E+01
14,26,22,+5.82292E+00,+5.89205E+00,+5.87474E+00,+1.78160E+01,+1.76714E+01,+1.77101E+01,+9.41796E+01,+9.46213E+01,+9.46635E+01,+3.00002E+01
14,26,24,+5.82703E+00,+5.89032E+00,+5.87334E+00,+1.78281E+01,+1.76587E+01,+1.76924E+01,+9.43037E+01,+9.44492E+01,+9.46305E+01,+3.00008E+01
14,26,25,+5.82423E+00,+5.89410E+00,+5.87119E+00,+1.78001E+01,+1.76597E+01,+1.77023E+01,+9.41315E+01,+9.45978E+01,+9.45507E+01,+3.00001E+01
14,26,26,+5.82865E+00,+5.89355E+00,+5.86718E+00,+1.78025E+01,+1.76756E+01,+1.76833E+01,+9.43034E+01,+9.45871E+01,+9.43922E+01,+3.00001E+01
14,26,28,+5.82521E+00,+5.89431E+00,+5.86830E+00,+1.77924E+01,+1.76566E+01,+1.77024E+01,+9.41205E+01,+9.45927E+01,+9.44950E+01,+2.99998E+01
14,26,29,+5.82903E+00,+5.89266E+00,+5.86596E+00,+1.77935E+01,+1.76658E+01,+1.76742E+01,+9.42713E+01,+9.45228E+01,+9.43334E+01,+3.00003E+01
14,26,30,+5.82876E+00,+5.89230E+00,+5.87157E+00,+1.78065E+01,+1.76426E+01,+1.76808E+01,+9.42396E+01,+9.44137E+01,+9.45397E+01,+3.00006E+01
14,26,31,+5.82660E+00,+5.89507E+00,+5.86960E+00,+1.77764E+01,+1.76448E+01,+1.76869E+01,+9.40722E+01,+9.45473E+01,+9.44461E+01,+3.00001E+01
14,26,33,+5.70588E+00,+5.76623E+00,+5.75083E+00,+1.74152E+01,+1.72541E+01,+1.72816E+01,+9.02402E+01,+9.03723E+01,+9.05265E+01,+3.00001E+01
14,26,34,+5.35444E+00,+5.42115E+00,+5.40061E+00,+1.63152E+01,+1.61815E+01,+1.62171E+01,+7.93476E+01,+7.97634E+01,+7.97101E+01,+2.99995E+01
14,26,35,+5.09542E+00,+5.15431E+00,+5.13755E+00,+1.55068E+01,+1.53789E+01,+1.53799E+01,+7.18313E+01,+7.20142E+01,+7.19532E+01,+2.99994E+01
14,26,36,+4.88104E+00,+4.93695E+00,+4.93085E+00,+1.48622E+01,+1.47108E+01,+1.47302E+01,+6.58773E+01,+6.59942E+01,+6.62077E+01,+3.00005E+01
14,26,38,+4.65220E+00,+4.70683E+00,+4.69425E+00,+1.41373E+01,+1.40182E+01,+1.40194E+01,+5.97928E+01,+5.99587E+01,+5.99490E+01,+2.99995E+01
14,26,39,+4.40763E+00,+4.46224E+00,+4.45681E+00,+1.34026E+01,+1.32578E+01,+1.32762E+01,+5.36491E+01,+5.37872E+01,+5.39571E+01,+2.99996E+01
14,26,40,+4.21480E+00,+4.27545E+00,+4.26343E+00,+1.28019E+01,+1.26788E+01,+1.27128E+01,+4.90162E+01,+4.93295E+01,+4.93757E+01,+3.00000E+01
14,26,42,+4.19872E+00,+4.25579E+00,+4.24753E+00,+1.27590E+01,+1.26181E+01,+1.26457E+01,+4.86529E+01,+4.88347E+01,+4.89830E+01,+3.00007E+01
14,26,43,+4.19761E+00,+4.26036E+00,+4.24628E+00,+1.27458E+01,+1.26213E+01,+1.26595E+01,+4.86010E+01,+4.89391E+01,+4.89723E+01,+2.99999E+01
14,26,44,+4.20231E+00,+4.25726E+00,+4.24484E+00,+1.27515E+01,+1.26390E+01,+1.26475E+01,+4.87175E+01,+4.89190E+01,+4.89198E+01,+3.00004E+01
14,26,46,+4.19767E+00,+4.26054E+00,+4.24710E+00,+1.27460E+01,+1.26188E+01,+1.26583E+01,+4.86042E+01,+4.89374E+01,+4.89816E+01,+3.00001E+01
14,26,47,+4.20159E+00,+4.25759E+00,+4.24594E+00,+1.27463E+01,+1.26312E+01,+1.26392E+01,+4.86912E+01,+4.89008E+01,+4.89110E+01,+3.00000E+01
14,26,48,+4.19920E+00,+4.25574E+00,+4.25017E+00,+1.27545E+01,+1.26088E+01,+1.26395E+01,+4.86448E+01,+4.88059E+01,+4.89996E+01,+3.00006E+01
14,26,49,+4.19702E+00,+4.26151E+00,+4.24736E+00,+1.27387E+01,+1.26120E+01,+1.26503E+01,+4.85704E+01,+4.89251E+01,+4.89580E+01,+3.00002E+01
14,26,51,+4.19765E+00,+4.25603E+00,+4.24924E+00,+1.27517E+01,+1.26095E+01,+1.26386E+01,+4.86178E+01,+4.88177E+01,+4.89838E+01,+3.00006E+01
14,26,52,+4.19759E+00,+4.25970E+00,+4.24828E+00,+1.27416E+01,+1.26121E+01,+1.26499E+01,+4.85880E+01,+4.89038E+01,+4.89710E+01,+3.00001E+01
14,26,53,+4.20066E+00,+4.25962E+00,+4.24512E+00,+1.27399E+01,+1.26199E+01,+1.26358E+01,+4.86577E+01,+4.88905E+01,+4.88885E+01,+3.00003E+01
14,26,55,+4.19791E+00,+4.25647E+00,+4.25021E+00,+1.27486E+01,+1.25989E+01,+1.26292E+01,+4.86082E+01,+4.87810E+01,+4.89686E+01,+3.00005E+01
14,26,56,+4.19890E+00,+4.25908E+00,+4.24562E+00,+1.27324E+01,+1.26166E+01,+1.26286E+01,+4.86104E+01,+4.88710E+01,+4.88704E+01,+3.00003E+01
14,26,57,+4.19815E+00,+4.25788E+00,+4.24987E+00,+1.27481E+01,+1.25992E+01,+1.26304E+01,+4.86118E+01,+4.88064E+01,+4.89668E+01,+3.00008E+01
14,26,58,+4.19573E+00,+4.26028E+00,+4.24882E+00,+1.27320E+01,+1.26004E+01,+1.26383E+01,+4.85328E+01,+4.88744E+01,+4.89417E+01,+3.00000E+01
14,27,0,+4.13889E+00,+4.19549E+00,+4.19329E+00,+1.25640E+01,+1.24136E+01,+1.24386E+01,+4.72341E+01,+4.73790E+01,+4.75970E+01,+2.99997E+01
14,27,1,+4.13889E+00,+4.19549E+00,+4.19329E+00,+1.25640E+01,+1.24136E+01,+1.24386E+01,+4.72341E+01,+4.73790E+01,+4.75970E+01,+2.99997E+01
14,27,2,+3.78201E+00,+3.83952E+00,+3.83243E+00,+1.14675E+01,+1.13380E+01,+1.13556E+01,+3.94028E+01,+3.96231E+01,+3.97041E+01,+3.00003E+01
14,27,4,+3.45475E+00,+3.51282E+00,+3.50142E+00,+1.04682E+01,+1.03317E+01,+1.03743E+01,+3.28545E+01,+3.30480E+01,+3.31458E+01,+2.99999E+01
14,27,5,+2.97459E+00,+3.03255E+00,+3.02502E+00,+9.01793E+00,+8.89120E+00,+8.92468E+00,+2.43686E+01,+2.45639E+01,+2.46454E+01,+3.00004E+01
14,27,6,+2.96084E+00,+3.01743E+00,+3.00584E+00,+8.95476E+00,+8.84502E+00,+8.87431E+00,+2.40988E+01,+2.43161E+01,+2.43383E+01,+3.00000E+01
14,27,7,+2.95668E+00,+3.01528E+00,+3.01059E+00,+8.96490E+00,+8.83607E+00,+8.86552E+00,+2.40806E+01,+2.42748E+01,+2.43710E+01,+3.00008E+01
14,27,9,+2.95666E+00,+3.01900E+00,+3.00732E+00,+8.95823E+00,+8.83504E+00,+8.87768E+00,+2.40617E+01,+2.43158E+01,+2.43633E+01,+3.00003E+01
14,27,10,+2.96009E+00,+3.01582E+00,+3.00759E+00,+8.95583E+00,+8.84627E+00,+8.86949E+00,+2.40959E+01,+2.43041E+01,+2.43456E+01,+2.99997E+01
14,27,11,+2.95703E+00,+3.01740E+00,+3.00827E+00,+8.95878E+00,+8.83769E+00,+8.87329E+00,+2.40653E+01,+2.43031E+01,+2.43621E+01,+3.00004E+01
14,27,13,+2.96018E+00,+3.01504E+00,+3.00821E+00,+8.95430E+00,+8.84377E+00,+8.86373E+00,+2.40913E+01,+2.42880E+01,+2.43377E+01,+2.99999E+01
14,27,14,+2.95655E+00,+3.01443E+00,+3.01208E+00,+8.96585E+00,+8.83911E+00,+8.86581E+00,+2.40812E+01,+2.42717E+01,+2.43861E+01,+3.00006E+01
14,27,15,+2.96030E+00,+3.01560E+00,+3.00849E+00,+8.95745E+00,+8.84702E+00,+8.86799E+00,+2.41009E+01,+2.43032E+01,+2.43509E+01,+2.99999E+01
14,27,16,+2.95632E+00,+3.01364E+00,+3.01131E+00,+8.96634E+00,+8.83817E+00,+8.86289E+00,+2.40802E+01,+2.42619E+01,+2.43731E+01,+3.00009E+01
14,27,18,+2.95592E+00,+3.01864E+00,+3.00751E+00,+8.95634E+00,+8.83112E+00,+8.87268E+00,+2.40489E+01,+2.43011E+01,+2.43537E+01,+3.00002E+01
14,27,19,+2.95977E+00,+3.01642E+00,+3.00841E+00,+8.95442E+00,+8.84065E+00,+8.86510E+00,+2.40880E+01,+2.42953E+01,+2.43429E+01,+2.99998E+01
14,27,20,+2.95541E+00,+3.01852E+00,+3.00830E+00,+8.95647E+00,+8.82967E+00,+8.87257E+00,+2.40454E+01,+2.43003E+01,+2.43605E+01,+3.00004E+01
14,27,22,+2.95866E+00,+3.01707E+00,+3.00749E+00,+8.95316E+00,+8.84081E+00,+8.86829E+00,+2.40759E+01,+2.43062E+01,+2.43420E+01,+2.99999E+01
14,27,23,+2.95540E+00,+3.01601E+00,+3.01138E+00,+8.96413E+00,+8.83135E+00,+8.86208E+00,+2.40668E+01,+2.42696E+01,+2.43718E+01,+3.00006E+01
14,27,24,+2.89124E+00,+2.94857E+00,+2.93823E+00,+8.74852E+00,+8.63262E+00,+8.66110E+00,+2.29901E+01,+2.31932E+01,+2.32231E+01,+2.99998E+01
14,27,25,+2.57741E+00,+2.63521E+00,+2.62784E+00,+7.81811E+00,+7.70122E+00,+7.72782E+00,+1.83031E+01,+1.84988E+01,+1.85431E+01,+2.99999E+01
14,27,27,+2.22443E+00,+2.28153E+00,+2.26838E+00,+6.74276E+00,+6.64026E+00,+6.67831E+00,+1.36239E+01,+1.38236E+01,+1.38260E+01,+2.99987E+01
14,27,28,+2.00320E+00,+2.05294E+00,+2.04179E+00,+6.06550E+00,+5.97925E+00,+6.00540E+00,+1.10414E+01,+1.11959E+01,+1.11921E+01,+2.99985E+01
14,27,29,+1.75319E+00,+1.80290E+00,+1.79028E+00,+5.31750E+00,+5.23903E+00,+5.27172E+00,+8.46526E+00,+8.61978E+00,+8.61466E+00,+3.00001E+01
14,27,31,+1.75498E+00,+1.80116E+00,+1.79068E+00,+5.31634E+00,+5.24457E+00,+5.26789E+00,+8.47684E+00,+8.61479E+00,+8.61047E+00,+3.00004E+01
14,27,32,+1.75329E+00,+1.80158E+00,+1.79205E+00,+5.32307E+00,+5.24225E+00,+5.26803E+00,+8.47442E+00,+8.61395E+00,+8.62168E+00,+3.00004E+01
14,27,33,+1.75431E+00,+1.80029E+00,+1.78985E+00,+5.31653E+00,+5.24459E+00,+5.26811E+00,+8.47390E+00,+8.61085E+00,+8.60637E+00,+2.99997E+01
14,27,34,+1.75251E+00,+1.80080E+00,+1.79162E+00,+5.32199E+00,+5.24105E+00,+5.26747E+00,+8.46820E+00,+8.60801E+00,+8.61896E+00,+3.00010E+01
14,27,36,+1.75227E+00,+1.80183E+00,+1.78956E+00,+5.31680E+00,+5.23739E+00,+5.27220E+00,+8.45923E+00,+8.61152E+00,+8.61125E+00,+3.00000E+01
14,27,37,+1.75482E+00,+1.80039E+00,+1.78989E+00,+5.31794E+00,+5.24381E+00,+5.26849E+00,+8.47799E+00,+8.60947E+00,+8.60699E+00,+3.00003E+01
14,27,38,+1.75287E+00,+1.80266E+00,+1.79003E+00,+5.32017E+00,+5.24090E+00,+5.27406E+00,+8.46748E+00,+8.62146E+00,+8.61613E+00,+3.00007E+01
14,27,40,+1.75440E+00,+1.80033E+00,+1.78993E+00,+5.31906E+00,+5.24647E+00,+5.27062E+00,+8.47792E+00,+8.61393E+00,+8.61040E+00,+2.99995E+01
14,27,41,+1.75249E+00,+1.80066E+00,+1.79204E+00,+5.32364E+00,+5.24211E+00,+5.26844E+00,+8.47028E+00,+8.60866E+00,+8.62263E+00,+3.00010E+01
14,27,42,+1.75487E+00,+1.80127E+00,+1.79052E+00,+5.31975E+00,+5.24742E+00,+5.26959E+00,+8.48070E+00,+8.61936E+00,+8.61197E+00,+3.00000E+01
14,27,43,+1.75167E+00,+1.80072E+00,+1.79139E+00,+5.32176E+00,+5.23944E+00,+5.26734E+00,+8.46335E+00,+8.60582E+00,+8.61693E+00,+3.00007E+01
14,27,45,+1.75275E+00,+1.80203E+00,+1.79058E+00,+5.32137E+00,+5.24212E+00,+5.27526E+00,+8.46839E+00,+8.61976E+00,+8.62101E+00,+3.00004E+01
14,27,46,+1.75421E+00,+1.79987E+00,+1.79114E+00,+5.31999E+00,+5.24769E+00,+5.27275E+00,+8.47769E+00,+8.61301E+00,+8.62019E+00,+3.00001E+01
14,27,47,+1.75259E+00,+1.80232E+00,+1.79042E+00,+5.32081E+00,+5.24119E+00,+5.27417E+00,+8.46598E+00,+8.61963E+00,+8.61880E+00,+3.00008E+01
14,27,49,+1.75416E+00,+1.80022E+00,+1.79074E+00,+5.31914E+00,+5.24703E+00,+5.27084E+00,+8.47617E+00,+8.61349E+00,+8.61516E+00,+2.99999E+01
14,27,50,+1.75216E+00,+1.80036E+00,+1.79211E+00,+5.32499E+00,+5.24402E+00,+5.27061E+00,+8.47049E+00,+8.61017E+00,+8.62538E+00,+3.00005E+01
14,27,51,+1.75457E+00,+1.80026E+00,+1.79074E+00,+5.32216E+00,+5.24946E+00,+5.27415E+00,+8.48284E+00,+8.61801E+00,+8.62000E+00,+3.00001E+01
14,27,52,+1.75242E+00,+1.80013E+00,+1.79233E+00,+5.32625E+00,+5.24503E+00,+5.27222E+00,+8.47356E+00,+8.61023E+00,+8.62950E+00,+3.00006E+01
14,27,54,+1.75280E+00,+1.80193E+00,+1.79033E+00,+5.32258E+00,+5.24334E+00,+5.27705E+00,+8.46972E+00,+8.62086E+00,+8.62231E+00,+3.00003E+01
14,27,55,+1.75405E+00,+1.79993E+00,+1.79057E+00,+5.32000E+00,+5.24862E+00,+5.27313E+00,+8.47634E+00,+8.61400E+00,+8.61719E+00,+2.99998E+01
14,27,56,+1.58079E+00,+1.62457E+00,+1.61368E+00,+4.80224E+00,+4.73352E+00,+4.75850E+00,+6.89191E+00,+7.01549E+00,+7.00501E+00,+2.99973E+01
14,27,58,+1.58079E+00,+1.62457E+00,+1.61368E+00,+4.80224E+00,+4.73352E+00,+4.75850E+00,+6.89191E+00,+7.01549E+00,+7.00501E+00,+2.99973E+01
14,27,59,+1.51657E-01,+1.56559E-01,+1.62069E-01,+4.72878E-01,+4.50594E-01,+4.74570E-01,+6.50288E-02,+6.37582E-02,+7.07778E-02,+3.00007E+01
14,28,0,+1.43534E-01,+1.44509E-01,+1.50650E-01,+4.46021E-01,+4.21497E-01,+4.36761E-01,+5.84102E-02,+5.48617E-02,+6.03070E-02,+2.99997E+01
14,28,1,+6.78143E-01,+7.00846E-01,+6.93503E-01,+2.06545E+00,+2.04945E+00,+2.04961E+00,+1.27167E+00,+1.30795E+00,+1.29633E+00,+3.00001E+01
14,28,3,+6.40789E-01,+6.62864E-01,+6.55938E-01,+1.95295E+00,+1.93779E+00,+1.93939E+00,+1.13455E+00,+1.17051E+00,+1.16077E+00,+3.00003E+01
14,28,4,+6.81037E-01,+7.04639E-01,+6.97575E-01,+2.07438E+00,+2.05925E+00,+2.06290E+00,+1.28189E+00,+1.32296E+00,+1.31161E+00,+3.00005E+01
14,28,5,+6.83854E-01,+7.06749E-01,+6.99775E-01,+2.08314E+00,+2.06662E+00,+2.06841E+00,+1.29324E+00,+1.33006E+00,+1.32016E+00,+3.00000E+01
14,28,7,+6.83606E-01,+7.06746E-01,+6.99759E-01,+2.08178E+00,+2.06579E+00,+2.06985E+00,+1.29136E+00,+1.33097E+00,+1.31991E+00,+2.99996E+01
14,28,8,+6.83307E-01,+7.06210E-01,+6.99258E-01,+2.08175E+00,+2.06553E+00,+2.06721E+00,+1.29140E+00,+1.32833E+00,+1.31838E+00,+3.00004E+01
14,28,9,+6.83857E-01,+7.06544E-01,+6.99992E-01,+2.08424E+00,+2.06551E+00,+2.06984E+00,+1.29225E+00,+1.33000E+00,+1.32199E+00,+3.00004E+01
14,28,10,+6.83935E-01,+7.07001E-01,+7.00058E-01,+2.08363E+00,+2.06734E+00,+2.07149E+00,+1.29300E+00,+1.33255E+00,+1.32161E+00,+2.99999E+01
14,28,12,+6.84033E-01,+7.07125E-01,+7.00376E-01,+2.08497E+00,+2.06688E+00,+2.07090E+00,+1.29304E+00,+1.33184E+00,+1.32353E+00,+3.00005E+01
14,28,13,+6.83277E-01,+7.06615E-01,+6.99790E-01,+2.08145E+00,+2.06607E+00,+2.07054E+00,+1.29049E+00,+1.33095E+00,+1.32032E+00,+3.00001E+01
14,28,14,+6.83857E-01,+7.06616E-01,+6.99587E-01,+2.08429E+00,+2.06737E+00,+2.06890E+00,+1.29392E+00,+1.33020E+00,+1.32003E+00,+3.00002E+01
14,28,15,+6.83749E-01,+7.06941E-01,+7.00322E-01,+2.08353E+00,+2.06781E+00,+2.07288E+00,+1.29253E+00,+1.33260E+00,+1.32290E+00,+3.00001E+01
14,28,17,+6.83999E-01,+7.06774E-01,+6.99843E-01,+2.08474E+00,+2.06815E+00,+2.07013E+00,+1.29450E+00,+1.33090E+00,+1.32127E+00,+3.00000E+01
14,28,18,+6.83960E-01,+7.06583E-01,+6.99953E-01,+2.08525E+00,+2.06573E+00,+2.07042E+00,+1.29300E+00,+1.33004E+00,+1.32233E+00,+3.00008E+01
14,28,19,+6.83880E-01,+7.06693E-01,+7.00009E-01,+2.08394E+00,+2.06721E+00,+2.07175E+00,+1.29313E+00,+1.33170E+00,+1.32140E+00,+2.99996E+01
14,28,21,+6.83917E-01,+7.06556E-01,+7.00081E-01,+2.08609E+00,+2.06680E+00,+2.07133E+00,+1.29340E+00,+1.33069E+00,+1.32291E+00,+3.00001E+01
14,28,22,+6.82427E-01,+7.05295E-01,+6.98769E-01,+2.08036E+00,+2.06435E+00,+2.06849E+00,+1.28813E+00,+1.32721E+00,+1.31687E+00,+2.99999E+01
14,28,23,+5.98521E-01,+6.19026E-01,+6.11953E-01,+1.82573E+00,+1.81513E+00,+1.81092E+00,+9.91831E-01,+1.02256E+00,+1.01026E+00,+2.99983E+01
14,28,24,+2.37210E-01,+2.45852E-01,+2.43122E-01,+7.24973E-01,+7.25891E-01,+7.20685E-01,+1.55936E-01,+1.62262E-01,+1.59228E-01,+2.99706E+01
14,28,26,+2.37210E-01,+2.45852E-01,+2.43122E-01,+7.24973E-01,+7.25891E-01,+7.20685E-01,+1.55936E-01,+1.62262E-01,+1.59228E-01,+2.99706E+01
14,28,27,+6.34478E-02,+6.37630E-02,+6.55083E-02,+1.94059E-01,+1.89005E-01,+1.91067E-01,+1.11391E-02,+1.08992E-02,+1.13926E-02,+9.91000E+37
