15,21,32,+2.89737E+01,+2.91640E+01,+2.89524E+01,+1.77785E+01,+1.75150E+01,+1.74272E+01,+6.93509E+01,+6.34253E+01,+7.13082E+01,+5.00005E+01
15,21,32,+2.89737E+01,+2.91640E+01,+2.89524E+01,+1.77785E+01,+1.75150E+01,+1.74272E+01,+6.93509E+01,+6.34253E+01,+7.13082E+01,+5.00005E+01
15,21,33,+2.89728E+01,+2.91634E+01,+2.89549E+01,+1.77801E+01,+1.75089E+01,+1.74325E+01,+6.92183E+01,+6.34948E+01,+7.14712E+01,+5.00004E+01
15,21,34,+2.89724E+01,+2.91627E+01,+2.89556E+01,+1.77802E+01,+1.75070E+01,+1.74331E+01,+6.92073E+01,+6.34655E+01,+7.15579E+01,+5.00005E+01
15,21,36,+2.89703E+01,+2.91628E+01,+2.89580E+01,+1.77786E+01,+1.74997E+01,+1.74418E+01,+6.90104E+01,+6.36063E+01,+7.17003E+01,+5.00004E+01
15,21,37,+2.89700E+01,+2.91622E+01,+2.89595E+01,+1.77782E+01,+1.74983E+01,+1.74425E+01,+6.89755E+01,+6.36187E+01,+7.18022E+01,+5.00003E+01
15,21,38,+2.89689E+01,+2.91629E+01,+2.89600E+01,+1.77762E+01,+1.74955E+01,+1.74474E+01,+6.88794E+01,+6.37494E+01,+7.18427E+01,+5.00003E+01
15,21,39,+2.89668E+01,+2.91647E+01,+2.89618E+01,+1.77719E+01,+1.74925E+01,+1.74539E+01,+6.87479E+01,+6.39795E+01,+7.19226E+01,+5.00002E+01
15,21,41,+2.89655E+01,+2.91653E+01,+2.89622E+01,+1.77693E+01,+1.74920E+01,+1.74576E+01,+6.86777E+01,+6.40848E+01,+7.19264E+01,+5.00004E+01
15,21,42,+2.89643E+01,+2.91659E+01,+2.89623E+01,+1.77657E+01,+1.74917E+01,+1.74615E+01,+6.85951E+01,+6.41778E+01,+7.18608E+01,+5.00004E+01
15,21,43,+2.89629E+01,+2.91671E+01,+2.89623E+01,+1.77617E+01,+1.74921E+01,+1.74645E+01,+6.85373E+01,+6.42994E+01,+7.18206E+01,+5.00006E+01
15,21,44,+2.89612E+01,+2.91689E+01,+2.89624E+01,+1.77566E+01,+1.74931E+01,+1.74682E+01,+6.84716E+01,+6.45096E+01,+7.18180E+01,+5.00006E+01
15,21,46,+2.89616E+01,+2.91696E+01,+2.89620E+01,+1.77547E+01,+1.74958E+01,+1.74668E+01,+6.85411E+01,+6.45628E+01,+7.18234E+01,+5.00004E+01
15,21,47,+2.89612E+01,+2.91712E+01,+2.89627E+01,+1.77531E+01,+1.74960E+01,+1.74683E+01,+6.85171E+01,+6.47264E+01,+7.19002E+01,+5.00005E+01
15,21,48,+2.89607E+01,+2.91737E+01,+2.89600E+01,+1.77428E+01,+1.75065E+01,+1.74676E+01,+6.86420E+01,+6.48721E+01,+7.15557E+01,+5.00004E+01
15,21,50,+2.86444E+01,+2.88550E+01,+2.86462E+01,+1.70909E+01,+1.68630E+01,+1.68110E+01,+6.41202E+01,+6.00688E+01,+6.66567E+01,+4.99978E+01
15,21,51,+2.78620E+01,+2.80743E+01,+2.78674E+01,+1.56136E+01,+1.54082E+01,+1.53434E+01,+5.43878E+01,+5.04768E+01,+5.64221E+01,+5.00005E+01
15,21,52,+2.78622E+01,+2.80743E+01,+2.78669E+01,+1.56122E+01,+1.54103E+01,+1.53438E+01,+5.44671E+01,+5.05838E+01,+5.63859E+01,+5.00002E+01
15,21,53,+2.78645E+01,+2.80748E+01,+2.78644E+01,+1.56118E+01,+1.54190E+01,+1.53359E+01,+5.47385E+01,+5.05768E+01,+5.63163E+01,+5.00005E+01
15,21,55,+2.78660E+01,+2.80739E+01,+2.78636E+01,+1.56149E+01,+1.54205E+01,+1.53314E+01,+5.48605E+01,+5.04904E+01,+5.63337E+01,+5.00005E+01
15,21,56,+2.78679E+01,+2.80736E+01,+2.78620E+01,+1.56162E+01,+1.54252E+01,+1.53254E+01,+5.50537E+01,+5.03888E+01,+5.62530E+01,+5.00007E+01
15,21,57,+2.78710E+01,+2.80735E+01,+2.78595E+01,+1.56203E+01,+1.54317E+01,+1.53150E+01,+5.53349E+01,+5.01489E+01,+5.61727E+01,+5.00006E+01
15,21,59,+2.78723E+01,+2.80729E+01,+2.78593E+01,+1.56231E+01,+1.54320E+01,+1.53123E+01,+5.54199E+01,+5.01075E+01,+5.61888E+01,+5.00006E+01
15,22,0,+2.78729E+01,+2.80723E+01,+2.78589E+01,+1.56257E+01,+1.54308E+01,+1.53110E+01,+5.54417E+01,+5.00536E+01,+5.61942E+01,+5.00005E+01
15,22,1,+2.78734E+01,+2.80708E+01,+2.78589E+01,+1.56290E+01,+1.54287E+01,+1.53096E+01,+5.54541E+01,+4.99885E+01,+5.62477E+01,+5.00004E+01
15,22,2,+2.78468E+01,+2.80416E+01,+2.78337E+01,+1.55815E+01,+1.53708E+01,+1.52538E+01,+5.51232E+01,+4.95101E+01,+5.60243E+01,+4.99997E+01
15,22,4,+2.67660E+01,+2.69537E+01,+2.67633E+01,+1.38294E+01,+1.36347E+01,+1.35105E+01,+4.43615E+01,+3.87022E+01,+4.48494E+01,+4.99976E+01
15,22,5,+2.65350E+01,+2.67249E+01,+2.65331E+01,+1.35099E+01,+1.33145E+01,+1.31942E+01,+4.25786E+01,+3.71124E+01,+4.32330E+01,+5.00005E+01
15,22,6,+2.65366E+01,+2.67238E+01,+2.65340E+01,+1.35130E+01,+1.33141E+01,+1.31930E+01,+4.26556E+01,+3.70482E+01,+4.33313E+01,+5.00005E+01
15,22,8,+2.65362E+01,+2.67214E+01,+2.65348E+01,+1.35172E+01,+1.33078E+01,+1.31942E+01,+4.25746E+01,+3.69910E+01,+4.34368E+01,+5.00003E+01
15,22,9,+2.65355E+01,+2.67215E+01,+2.65350E+01,+1.35162E+01,+1.33058E+01,+1.31972E+01,+4.25143E+01,+3.69991E+01,+4.34259E+01,+5.00007E+01
15,22,10,+2.65346E+01,+2.67208E+01,+2.65374E+01,+1.35185E+01,+1.32994E+01,+1.32016E+01,+4.23798E+01,+3.70639E+01,+4.35512E+01,+5.00004E+01
15,22,11,+2.65337E+01,+2.67186E+01,+2.65404E+01,+1.35216E+01,+1.32926E+01,+1.32051E+01,+4.22614E+01,+3.70910E+01,+4.38059E+01,+5.00003E+01
15,22,13,+2.65323E+01,+2.67182E+01,+2.65412E+01,+1.35215E+01,+1.32894E+01,+1.32086E+01,+4.21452E+01,+3.71162E+01,+4.38510E+01,+5.00004E+01
15,22,14,+2.65311E+01,+2.67182E+01,+2.65420E+01,+1.35204E+01,+1.32873E+01,+1.32119E+01,+4.20604E+01,+3.71494E+01,+4.38912E+01,+5.00004E+01
15,22,15,+2.65305E+01,+2.67189E+01,+2.65423E+01,+1.35182E+01,+1.32874E+01,+1.32144E+01,+4.20650E+01,+3.72205E+01,+4.39146E+01,+5.00001E+01
15,22,17,+2.65278E+01,+2.67203E+01,+2.65439E+01,+1.35118E+01,+1.32859E+01,+1.32219E+01,+4.19042E+01,+3.74174E+01,+4.39057E+01,+5.00003E+01
15,22,18,+2.65250E+01,+2.67208E+01,+2.65436E+01,+1.35059E+01,+1.32823E+01,+1.32248E+01,+4.17868E+01,+3.75507E+01,+4.38786E+01,+5.00001E+01
15,22,19,+2.53032E+01,+2.54960E+01,+2.53365E+01,+1.19363E+01,+1.17355E+01,+1.16761E+01,+3.31422E+01,+2.92767E+01,+3.47901E+01,+4.99956E+01
15,22,20,+2.47803E+01,+2.49764E+01,+2.48140E+01,+1.13681E+01,+1.11816E+01,+1.11231E+01,+3.04042E+01,+2.69620E+01,+3.19798E+01,+5.00006E+01
15,22,22,+2.47813E+01,+2.49775E+01,+2.48143E+01,+1.13648E+01,+1.11876E+01,+1.11219E+01,+3.04995E+01,+2.70791E+01,+3.19222E+01,+5.00003E+01
15,22,23,+2.47819E+01,+2.49788E+01,+2.48134E+01,+1.13622E+01,+1.11917E+01,+1.11205E+01,+3.05610E+01,+2.71096E+01,+3.18346E+01,+5.00010E+01
15,22,24,+2.47816E+01,+2.49784E+01,+2.48107E+01,+1.13588E+01,+1.11976E+01,+1.11175E+01,+3.06607E+01,+2.70992E+01,+3.16957E+01,+5.00002E+01
15,22,25,+2.47822E+01,+2.49791E+01,+2.48093E+01,+1.13577E+01,+1.12018E+01,+1.11148E+01,+3.07514E+01,+2.70982E+01,+3.16207E+01,+5.00006E+01
15,22,27,+2.47833E+01,+2.49796E+01,+2.48059E+01,+1.13580E+01,+1.12071E+01,+1.11091E+01,+3.08874E+01,+2.70575E+01,+3.14875E+01,+5.00006E+01
15,22,28,+2.47843E+01,+2.49787E+01,+2.48044E+01,+1.13579E+01,+1.12110E+01,+1.11053E+01,+3.09878E+01,+2.69811E+01,+3.13740E+01,+5.00006E+01
15,22,29,+2.47855E+01,+2.49781E+01,+2.48041E+01,+1.13604E+01,+1.12122E+01,+1.11018E+01,+3.10671E+01,+2.69237E+01,+3.13797E+01,+5.00007E+01
15,22,31,+2.47883E+01,+2.49765E+01,+2.48015E+01,+1.13664E+01,+1.12168E+01,+1.10913E+01,+3.12907E+01,+2.66376E+01,+3.13792E+01,+5.00007E+01
15,22,32,+2.44105E+01,+2.45923E+01,+2.44287E+01,+1.09602E+01,+1.08125E+01,+1.06814E+01,+2.93197E+01,+2.44580E+01,+2.92324E+01,+4.99951E+01
15,22,33,+2.20140E+01,+2.21673E+01,+2.20602E+01,+9.09175E+00,+8.97672E+00,+8.84216E+00,+2.11853E+01,+1.67169E+01,+2.04757E+01,+5.00001E+01
15,22,35,+2.20421E+01,+2.21739E+01,+2.20610E+01,+9.09517E+00,+8.98255E+00,+8.84999E+00,+2.12307E+01,+1.70214E+01,+2.04504E+01,+5.00003E+01
15,22,36,+2.23531E+01,+2.25214E+01,+2.23796E+01,+9.23644E+00,+9.10200E+00,+8.98739E+00,+2.14677E+01,+1.74817E+01,+2.14684E+01,+5.00003E+01
15,22,37,+2.23533E+01,+2.25208E+01,+2.23797E+01,+9.23763E+00,+9.10129E+00,+8.98679E+00,+2.14745E+01,+1.74465E+01,+2.14918E+01,+5.00005E+01
15,22,38,+2.23532E+01,+2.25202E+01,+2.23805E+01,+9.23934E+00,+9.09884E+00,+8.98786E+00,+2.14411E+01,+1.74383E+01,+2.15546E+01,+5.00007E+01
15,22,40,+2.23535E+01,+2.25185E+01,+2.23811E+01,+9.24260E+00,+9.09679E+00,+8.98673E+00,+2.14376E+01,+1.73498E+01,+2.16365E+01,+5.00005E+01
15,22,41,+2.23532E+01,+2.25180E+01,+2.23820E+01,+9.24423E+00,+9.09450E+00,+8.98766E+00,+2.14105E+01,+1.73543E+01,+2.17125E+01,+5.00004E+01
15,22,42,+2.23527E+01,+2.25177E+01,+2.23823E+01,+9.24377E+00,+9.09331E+00,+8.98924E+00,+2.13699E+01,+1.73522E+01,+2.17006E+01,+5.00005E+01
15,22,44,+2.23498E+01,+2.25163E+01,+2.23831E+01,+9.24183E+00,+9.08626E+00,+8.99279E+00,+2.12396E+01,+1.74283E+01,+2.17974E+01,+5.00004E+01
15,22,45,+2.23498E+01,+2.25163E+01,+2.23831E+01,+9.24183E+00,+9.08626E+00,+8.99279E+00,+2.12396E+01,+1.74283E+01,+2.17974E+01,+5.00004E+01
15,22,46,+1.88642E+01,+1.90121E+01,+1.89048E+01,+7.09388E+00,+6.98616E+00,+6.90171E+00,+1.31274E+01,+1.05681E+01,+1.32817E+01,+5.00003E+01
15,22,48,+1.88673E+01,+1.90120E+01,+1.89073E+01,+7.09488E+00,+6.98832E+00,+6.90163E+00,+1.31637E+01,+1.05560E+01,+1.32759E+01,+5.00004E+01
15,22,49,+1.88669E+01,+1.90124E+01,+1.89064E+01,+7.09254E+00,+6.99056E+00,+6.90166E+00,+1.31779E+01,+1.05602E+01,+1.32278E+01,+5.00006E+01
15,22,50,+1.88667E+01,+1.90121E+01,+1.89062E+01,+7.09233E+00,+6.99107E+00,+6.90130E+00,+1.31865E+01,+1.05611E+01,+1.32352E+01,+5.00007E+01
15,22,52,+1.88658E+01,+1.90120E+01,+1.89056E+01,+7.09116E+00,+6.99146E+00,+6.90219E+00,+1.31750E+01,+1.05815E+01,+1.32250E+01,+5.00004E+01
15,22,53,+1.88648E+01,+1.90123E+01,+1.89053E+01,+7.08919E+00,+6.99115E+00,+6.90430E+00,+1.31414E+01,+1.06214E+01,+1.31982E+01,+5.00004E+01
15,22,54,+1.88644E+01,+1.90124E+01,+1.89052E+01,+7.08840E+00,+6.99104E+00,+6.90543E+00,+1.31282E+01,+1.06476E+01,+1.31935E+01,+5.00007E+01
15,22,55,+1.88638E+01,+1.90128E+01,+1.89045E+01,+7.08635E+00,+6.99323E+00,+6.90502E+00,+1.31426E+01,+1.06640E+01,+1.31691E+01,+5.00005E+01
15,22,57,+1.88639E+01,+1.90128E+01,+1.89043E+01,+7.08651E+00,+6.99385E+00,+6.90424E+00,+1.31554E+01,+1.06627E+01,+1.31706E+01,+5.00006E+01
15,22,58,+1.66270E+01,+1.67607E+01,+1.66779E+01,+5.88684E+00,+5.81399E+00,+5.73045E+00,+9.37002E+00,+7.32885E+00,+9.21933E+00,+4.99915E+01
15,22,59,+1.42607E+01,+1.43785E+01,+1.42973E+01,+4.94201E+00,+4.88821E+00,+4.82081E+00,+6.83160E+00,+5.54047E+00,+6.71736E+00,+5.00000E+01
15,23,1,+1.42601E+01,+1.43759E+01,+1.42955E+01,+4.94205E+00,+4.89170E+00,+4.81987E+00,+6.88248E+00,+5.55099E+00,+6.68996E+00,+5.00002E+01
15,23,2,+1.42603E+01,+1.43759E+01,+1.42948E+01,+4.94200E+00,+4.89313E+00,+4.81882E+00,+6.90075E+00,+5.54700E+00,+6.67545E+00,+5.00008E+01
15,23,3,+1.42601E+01,+1.43756E+01,+1.42941E+01,+4.94179E+00,+4.89409E+00,+4.81816E+00,+6.91212E+00,+5.54545E+00,+6.66464E+00,+5.00006E+01
15,23,4,+1.42605E+01,+1.43748E+01,+1.42931E+01,+4.94342E+00,+4.89560E+00,+4.81511E+00,+6.94857E+00,+5.51066E+00,+6.65890E+00,+5.00009E+01
15,23,6,+1.42606E+01,+1.43740E+01,+1.42925E+01,+4.94455E+00,+4.89561E+00,+4.81406E+00,+6.95991E+00,+5.49420E+00,+6.66037E+00,+5.00004E+01
15,23,7,+1.42606E+01,+1.43734E+01,+1.42923E+01,+4.94579E+00,+4.89500E+00,+4.81349E+00,+6.96088E+00,+5.47784E+00,+6.67090E+00,+5.00001E+01
15,23,8,+1.42605E+01,+1.43731E+01,+1.42923E+01,+4.94621E+00,+4.89450E+00,+4.81357E+00,+6.95673E+00,+5.47191E+00,+6.67856E+00,+5.00007E+01
15,23,10,+1.40166E+01,+1.41275E+01,+1.40537E+01,+4.79258E+00,+4.73992E+00,+4.65950E+00,+6.60288E+00,+5.09972E+00,+6.32448E+00,+4.99946E+01
15,23,11,+8.72796E+00,+8.79852E+00,+8.75502E+00,+2.80676E+00,+2.78285E+00,+2.73748E+00,+2.47228E+00,+1.97471E+00,+2.34993E+00,+5.00005E+01
15,23,12,+8.73445E+00,+8.80559E+00,+8.75831E+00,+2.81144E+00,+2.78584E+00,+2.74195E+00,+2.47093E+00,+1.98935E+00,+2.37085E+00,+5.00005E+01
15,23,13,+8.73384E+00,+8.80481E+00,+8.75767E+00,+2.81145E+00,+2.78578E+00,+2.74215E+00,+2.46930E+00,+1.98937E+00,+2.37087E+00,+5.00004E+01
15,23,15,+8.73343E+00,+8.80426E+00,+8.75731E+00,+2.81173E+00,+2.78546E+00,+2.74221E+00,+2.46742E+00,+1.98733E+00,+2.37318E+00,+5.00007E+01
15,23,16,+8.73271E+00,+8.80345E+00,+8.75650E+00,+2.81192E+00,+2.78572E+00,+2.74176E+00,+2.47018E+00,+1.98319E+00,+2.37123E+00,+5.00004E+01
15,23,17,+8.73243E+00,+8.80337E+00,+8.75605E+00,+2.81149E+00,+2.78614E+00,+2.74175E+00,+2.47131E+00,+1.98578E+00,+2.36697E+00,+5.00004E+01
15,23,19,+8.73216E+00,+8.80306E+00,+8.75606E+00,+2.81165E+00,+2.78577E+00,+2.74209E+00,+2.46612E+00,+1.98396E+00,+2.36825E+00,+5.00006E+01
15,23,20,+7.19883E+00,+7.26208E+00,+7.23451E+00,+2.12668E+00,+2.10694E+00,+2.06932E+00,+1.53856E+00,+1.16376E+00,+1.44902E+00,+4.99799E+01
15,23,21,+2.39166E+00,+2.41549E+00,+2.40179E+00,+6.86732E-01,+6.87026E-01,+6.78351E-01,+1.73462E-01,+1.55992E-01,+1.64814E-01,+4.99906E+01
15,23,23,+2.29715E+00,+2.31854E+00,+2.30457E+00,+6.87061E-01,+6.87532E-01,+6.79050E-01,+1.69749E-01,+1.55142E-01,+1.61365E-01,+5.00011E+01
15,23,24,+2.29637E+00,+2.31767E+00,+2.30367E+00,+6.87261E-01,+6.87824E-01,+6.79003E-01,+1.70010E-01,+1.54631E-01,+1.60928E-01,+5.00011E+01
15,23,25,+2.29516E+00,+2.31669E+00,+2.30250E+00,+6.87278E-01,+6.87786E-01,+6.78921E-01,+1.69717E-01,+1.54271E-01,+1.60801E-01,+5.00019E+01
15,23,26,+2.29540E+00,+2.31634E+00,+2.30300E+00,+6.86945E-01,+6.87831E-01,+6.79387E-01,+1.69449E-01,+1.55092E-01,+1.60160E-01,+4.99997E+01
15,23,28,+2.29449E+00,+2.31640E+00,+2.30285E+00,+6.86340E-01,+6.86983E-01,+6.80857E-01,+1.65944E-01,+1.57223E-01,+1.61134E-01,+5.00006E+01
15,23,29,+2.29445E+00,+2.31553E+00,+2.30190E+00,+6.87435E-01,+6.87695E-01,+6.78949E-01,+1.69516E-01,+1.53698E-01,+1.60740E-01,+5.00004E+01
15,23,30,+2.29420E+00,+2.31541E+00,+2.30176E+00,+6.87198E-01,+6.87681E-01,+6.79184E-01,+1.68988E-01,+1.54160E-01,+1.60435E-01,+5.00002E+01
15,23,32,+2.29409E+00,+2.31521E+00,+2.30160E+00,+6.87455E-01,+6.87613E-01,+6.78880E-01,+1.69431E-01,+1.53521E-01,+1.60847E-01,+5.00002E+01
15,23,33,+2.29366E+00,+2.31514E+00,+2.30120E+00,+6.87390E-01,+6.87635E-01,+6.78965E-01,+1.69106E-01,+1.53703E-01,+1.60778E-01,+5.00017E+01
